lL=0.5;
R=1;
ke=0.022;
kf=0.0002024;
J=0.0100;

